A=[1,2,3; 4 5,6; 7,8 0]

A=[1,2,3; 4 5,6; 7,8 0]; % 不显示结果，但进行赋值
